solid test
facet normal 0.7071067811865476 0.7071067811865476 0.0 
outer loop
vertex 3.1213203435596424 3.121320343559643 0.0 
vertex 3.8284271247461903 2.414213562373095 -1.0 
vertex 2.414213562373095 3.8284271247461903 -1.0 
endloop
endfacet
facet normal 0.7071067811865476 0.7071067811865476 -0.0 
outer loop
vertex 3.1213203435596424 3.121320343559643 0.0 
vertex 2.414213562373095 3.8284271247461903 -1.0 
vertex 2.414213562373095 3.8284271247461903 1.0 
endloop
endfacet
facet normal 0.7071067811865476 0.7071067811865476 0.0 
outer loop
vertex 3.1213203435596424 3.121320343559643 0.0 
vertex 2.414213562373095 3.8284271247461903 1.0 
vertex 3.8284271247461903 2.414213562373095 1.0 
endloop
endfacet
facet normal 0.7071067811865476 0.7071067811865476 0.0 
outer loop
vertex 3.1213203435596424 3.121320343559643 0.0 
vertex 3.8284271247461903 2.414213562373095 1.0 
vertex 3.8284271247461903 2.414213562373095 -1.0 
endloop
endfacet
facet normal 0.5773502691896257 0.5773502691896258 0.5773502691896258 
outer loop
vertex 2.4142135623730954 2.414213562373095 2.4142135623730954 
vertex 1.0 3.8284271247461903 2.414213562373095 
vertex 1.0 2.414213562373095 3.8284271247461903 
endloop
endfacet
facet normal 0.5773502691896256 0.5773502691896256 0.577350269189626 
outer loop
vertex 2.4142135623730954 2.414213562373095 2.4142135623730954 
vertex 1.0 2.414213562373095 3.8284271247461903 
vertex 2.414213562373095 1.0 3.8284271247461903 
endloop
endfacet
facet normal 0.5773502691896257 0.5773502691896256 0.5773502691896257 
outer loop
vertex 2.4142135623730954 2.414213562373095 2.4142135623730954 
vertex 2.414213562373095 1.0 3.8284271247461903 
vertex 3.8284271247461903 1.0 2.414213562373095 
endloop
endfacet
facet normal 0.5773502691896258 0.5773502691896257 0.5773502691896257 
outer loop
vertex 2.4142135623730954 2.414213562373095 2.4142135623730954 
vertex 3.8284271247461903 1.0 2.414213562373095 
vertex 3.8284271247461903 2.414213562373095 1.0 
endloop
endfacet
facet normal 0.5773502691896258 0.5773502691896258 0.5773502691896257 
outer loop
vertex 2.4142135623730954 2.414213562373095 2.4142135623730954 
vertex 3.8284271247461903 2.414213562373095 1.0 
vertex 2.414213562373095 3.8284271247461903 1.0 
endloop
endfacet
facet normal 0.5773502691896257 0.5773502691896258 0.5773502691896257 
outer loop
vertex 2.4142135623730954 2.414213562373095 2.4142135623730954 
vertex 2.414213562373095 3.8284271247461903 1.0 
vertex 1.0 3.8284271247461903 2.414213562373095 
endloop
endfacet
facet normal 1.0 -1.300707181133076e-16 -1.300707181133076e-16 
outer loop
vertex 3.8284271247461907 0.0 0.0 
vertex 3.8284271247461903 -2.414213562373095 -1.0 
vertex 3.8284271247461903 -1.0 -2.414213562373095 
endloop
endfacet
facet normal 1.0 0.0 -1.8394777362344743e-16 
outer loop
vertex 3.8284271247461907 0.0 0.0 
vertex 3.8284271247461903 -1.0 -2.414213562373095 
vertex 3.8284271247461903 1.0 -2.414213562373095 
endloop
endfacet
facet normal 1.0 1.300707181133076e-16 -1.300707181133076e-16 
outer loop
vertex 3.8284271247461907 0.0 0.0 
vertex 3.8284271247461903 1.0 -2.414213562373095 
vertex 3.8284271247461903 2.414213562373095 -1.0 
endloop
endfacet
facet normal 1.0 1.8394777362344743e-16 -0.0 
outer loop
vertex 3.8284271247461907 0.0 0.0 
vertex 3.8284271247461903 2.414213562373095 -1.0 
vertex 3.8284271247461903 2.414213562373095 1.0 
endloop
endfacet
facet normal 1.0 1.300707181133076e-16 1.300707181133076e-16 
outer loop
vertex 3.8284271247461907 0.0 0.0 
vertex 3.8284271247461903 2.414213562373095 1.0 
vertex 3.8284271247461903 1.0 2.414213562373095 
endloop
endfacet
facet normal 1.0 0.0 1.8394777362344743e-16 
outer loop
vertex 3.8284271247461907 0.0 0.0 
vertex 3.8284271247461903 1.0 2.414213562373095 
vertex 3.8284271247461903 -1.0 2.414213562373095 
endloop
endfacet
facet normal 1.0 -1.300707181133076e-16 1.300707181133076e-16 
outer loop
vertex 3.8284271247461907 0.0 0.0 
vertex 3.8284271247461903 -1.0 2.414213562373095 
vertex 3.8284271247461903 -2.414213562373095 1.0 
endloop
endfacet
facet normal 1.0 -1.8394777362344743e-16 0.0 
outer loop
vertex 3.8284271247461907 0.0 0.0 
vertex 3.8284271247461903 -2.414213562373095 1.0 
vertex 3.8284271247461903 -2.414213562373095 -1.0 
endloop
endfacet
facet normal 0.7071067811865476 0.0 0.7071067811865476 
outer loop
vertex 3.121320343559643 0.0 3.1213203435596424 
vertex 2.414213562373095 -1.0 3.8284271247461903 
vertex 3.8284271247461903 -1.0 2.414213562373095 
endloop
endfacet
facet normal 0.7071067811865476 -0.0 0.7071067811865476 
outer loop
vertex 3.121320343559643 0.0 3.1213203435596424 
vertex 3.8284271247461903 -1.0 2.414213562373095 
vertex 3.8284271247461903 1.0 2.414213562373095 
endloop
endfacet
facet normal 0.7071067811865476 0.0 0.7071067811865476 
outer loop
vertex 3.121320343559643 0.0 3.1213203435596424 
vertex 3.8284271247461903 1.0 2.414213562373095 
vertex 2.414213562373095 1.0 3.8284271247461903 
endloop
endfacet
facet normal 0.7071067811865476 0.0 0.7071067811865476 
outer loop
vertex 3.121320343559643 0.0 3.1213203435596424 
vertex 2.414213562373095 1.0 3.8284271247461903 
vertex 2.414213562373095 -1.0 3.8284271247461903 
endloop
endfacet
facet normal -1.300707181133076e-16 1.0 -1.300707181133076e-16 
outer loop
vertex 0.0 3.8284271247461907 0.0 
vertex -1.0 3.8284271247461903 -2.414213562373095 
vertex -2.414213562373095 3.8284271247461903 -1.0 
endloop
endfacet
facet normal -1.8394777362344743e-16 1.0 0.0 
outer loop
vertex 0.0 3.8284271247461907 0.0 
vertex -2.414213562373095 3.8284271247461903 -1.0 
vertex -2.414213562373095 3.8284271247461903 1.0 
endloop
endfacet
facet normal -1.300707181133076e-16 1.0 1.300707181133076e-16 
outer loop
vertex 0.0 3.8284271247461907 0.0 
vertex -2.414213562373095 3.8284271247461903 1.0 
vertex -1.0 3.8284271247461903 2.414213562373095 
endloop
endfacet
facet normal -0.0 1.0 1.8394777362344743e-16 
outer loop
vertex 0.0 3.8284271247461907 0.0 
vertex -1.0 3.8284271247461903 2.414213562373095 
vertex 1.0 3.8284271247461903 2.414213562373095 
endloop
endfacet
facet normal 1.300707181133076e-16 1.0 1.300707181133076e-16 
outer loop
vertex 0.0 3.8284271247461907 0.0 
vertex 1.0 3.8284271247461903 2.414213562373095 
vertex 2.414213562373095 3.8284271247461903 1.0 
endloop
endfacet
facet normal 1.8394777362344743e-16 1.0 0.0 
outer loop
vertex 0.0 3.8284271247461907 0.0 
vertex 2.414213562373095 3.8284271247461903 1.0 
vertex 2.414213562373095 3.8284271247461903 -1.0 
endloop
endfacet
facet normal 1.300707181133076e-16 1.0 -1.300707181133076e-16 
outer loop
vertex 0.0 3.8284271247461907 0.0 
vertex 2.414213562373095 3.8284271247461903 -1.0 
vertex 1.0 3.8284271247461903 -2.414213562373095 
endloop
endfacet
facet normal 0.0 1.0 -1.8394777362344743e-16 
outer loop
vertex 0.0 3.8284271247461907 0.0 
vertex 1.0 3.8284271247461903 -2.414213562373095 
vertex -1.0 3.8284271247461903 -2.414213562373095 
endloop
endfacet
facet normal -1.300707181133076e-16 -1.300707181133076e-16 1.0 
outer loop
vertex 0.0 0.0 3.8284271247461907 
vertex -2.414213562373095 -1.0 3.8284271247461903 
vertex -1.0 -2.414213562373095 3.8284271247461903 
endloop
endfacet
facet normal 0.0 -1.8394777362344743e-16 1.0 
outer loop
vertex 0.0 0.0 3.8284271247461907 
vertex -1.0 -2.414213562373095 3.8284271247461903 
vertex 1.0 -2.414213562373095 3.8284271247461903 
endloop
endfacet
facet normal 1.300707181133076e-16 -1.300707181133076e-16 1.0 
outer loop
vertex 0.0 0.0 3.8284271247461907 
vertex 1.0 -2.414213562373095 3.8284271247461903 
vertex 2.414213562373095 -1.0 3.8284271247461903 
endloop
endfacet
facet normal 1.8394777362344743e-16 -0.0 1.0 
outer loop
vertex 0.0 0.0 3.8284271247461907 
vertex 2.414213562373095 -1.0 3.8284271247461903 
vertex 2.414213562373095 1.0 3.8284271247461903 
endloop
endfacet
facet normal 1.300707181133076e-16 1.300707181133076e-16 1.0 
outer loop
vertex 0.0 0.0 3.8284271247461907 
vertex 2.414213562373095 1.0 3.8284271247461903 
vertex 1.0 2.414213562373095 3.8284271247461903 
endloop
endfacet
facet normal 0.0 1.8394777362344743e-16 1.0 
outer loop
vertex 0.0 0.0 3.8284271247461907 
vertex 1.0 2.414213562373095 3.8284271247461903 
vertex -1.0 2.414213562373095 3.8284271247461903 
endloop
endfacet
facet normal -1.300707181133076e-16 1.300707181133076e-16 1.0 
outer loop
vertex 0.0 0.0 3.8284271247461907 
vertex -1.0 2.414213562373095 3.8284271247461903 
vertex -2.414213562373095 1.0 3.8284271247461903 
endloop
endfacet
facet normal -1.8394777362344743e-16 0.0 1.0 
outer loop
vertex 0.0 0.0 3.8284271247461907 
vertex -2.414213562373095 1.0 3.8284271247461903 
vertex -2.414213562373095 -1.0 3.8284271247461903 
endloop
endfacet
facet normal 0.0 0.7071067811865476 0.7071067811865476 
outer loop
vertex 0.0 3.1213203435596424 3.121320343559643 
vertex -1.0 3.8284271247461903 2.414213562373095 
vertex -1.0 2.414213562373095 3.8284271247461903 
endloop
endfacet
facet normal -0.0 0.7071067811865476 0.7071067811865476 
outer loop
vertex 0.0 3.1213203435596424 3.121320343559643 
vertex -1.0 2.414213562373095 3.8284271247461903 
vertex 1.0 2.414213562373095 3.8284271247461903 
endloop
endfacet
facet normal 0.0 0.7071067811865476 0.7071067811865476 
outer loop
vertex 0.0 3.1213203435596424 3.121320343559643 
vertex 1.0 2.414213562373095 3.8284271247461903 
vertex 1.0 3.8284271247461903 2.414213562373095 
endloop
endfacet
facet normal 0.0 0.7071067811865476 0.7071067811865476 
outer loop
vertex 0.0 3.1213203435596424 3.121320343559643 
vertex 1.0 3.8284271247461903 2.414213562373095 
vertex -1.0 3.8284271247461903 2.414213562373095 
endloop
endfacet
facet normal 0.5773502691896257 0.5773502691896258 -0.5773502691896258 
outer loop
vertex 2.4142135623730954 2.4142135623730954 -2.414213562373095 
vertex 1.0 2.414213562373095 -3.8284271247461903 
vertex 1.0 3.8284271247461903 -2.414213562373095 
endloop
endfacet
facet normal 0.5773502691896256 0.577350269189626 -0.5773502691896256 
outer loop
vertex 2.4142135623730954 2.4142135623730954 -2.414213562373095 
vertex 1.0 3.8284271247461903 -2.414213562373095 
vertex 2.414213562373095 3.8284271247461903 -1.0 
endloop
endfacet
facet normal 0.5773502691896257 0.5773502691896257 -0.5773502691896256 
outer loop
vertex 2.4142135623730954 2.4142135623730954 -2.414213562373095 
vertex 2.414213562373095 3.8284271247461903 -1.0 
vertex 3.8284271247461903 2.414213562373095 -1.0 
endloop
endfacet
facet normal 0.5773502691896258 0.5773502691896257 -0.5773502691896257 
outer loop
vertex 2.4142135623730954 2.4142135623730954 -2.414213562373095 
vertex 3.8284271247461903 2.414213562373095 -1.0 
vertex 3.8284271247461903 1.0 -2.414213562373095 
endloop
endfacet
facet normal 0.5773502691896258 0.5773502691896257 -0.5773502691896258 
outer loop
vertex 2.4142135623730954 2.4142135623730954 -2.414213562373095 
vertex 3.8284271247461903 1.0 -2.414213562373095 
vertex 2.414213562373095 1.0 -3.8284271247461903 
endloop
endfacet
facet normal 0.5773502691896257 0.5773502691896257 -0.5773502691896258 
outer loop
vertex 2.4142135623730954 2.4142135623730954 -2.414213562373095 
vertex 2.414213562373095 1.0 -3.8284271247461903 
vertex 1.0 2.414213562373095 -3.8284271247461903 
endloop
endfacet
facet normal 0.7071067811865476 0.0 -0.7071067811865476 
outer loop
vertex 3.1213203435596424 0.0 -3.121320343559643 
vertex 3.8284271247461903 -1.0 -2.414213562373095 
vertex 2.414213562373095 -1.0 -3.8284271247461903 
endloop
endfacet
facet normal 0.7071067811865476 0.0 -0.7071067811865476 
outer loop
vertex 3.1213203435596424 0.0 -3.121320343559643 
vertex 2.414213562373095 -1.0 -3.8284271247461903 
vertex 2.414213562373095 1.0 -3.8284271247461903 
endloop
endfacet
facet normal 0.7071067811865476 0.0 -0.7071067811865476 
outer loop
vertex 3.1213203435596424 0.0 -3.121320343559643 
vertex 2.414213562373095 1.0 -3.8284271247461903 
vertex 3.8284271247461903 1.0 -2.414213562373095 
endloop
endfacet
facet normal 0.7071067811865476 0.0 -0.7071067811865476 
outer loop
vertex 3.1213203435596424 0.0 -3.121320343559643 
vertex 3.8284271247461903 1.0 -2.414213562373095 
vertex 3.8284271247461903 -1.0 -2.414213562373095 
endloop
endfacet
facet normal -1.300707181133076e-16 -1.300707181133076e-16 -1.0 
outer loop
vertex 0.0 0.0 -3.8284271247461907 
vertex -1.0 -2.414213562373095 -3.8284271247461903 
vertex -2.414213562373095 -1.0 -3.8284271247461903 
endloop
endfacet
facet normal -1.8394777362344743e-16 0.0 -1.0 
outer loop
vertex 0.0 0.0 -3.8284271247461907 
vertex -2.414213562373095 -1.0 -3.8284271247461903 
vertex -2.414213562373095 1.0 -3.8284271247461903 
endloop
endfacet
facet normal -1.300707181133076e-16 1.300707181133076e-16 -1.0 
outer loop
vertex 0.0 0.0 -3.8284271247461907 
vertex -2.414213562373095 1.0 -3.8284271247461903 
vertex -1.0 2.414213562373095 -3.8284271247461903 
endloop
endfacet
facet normal 0.0 1.8394777362344743e-16 -1.0 
outer loop
vertex 0.0 0.0 -3.8284271247461907 
vertex -1.0 2.414213562373095 -3.8284271247461903 
vertex 1.0 2.414213562373095 -3.8284271247461903 
endloop
endfacet
facet normal 1.300707181133076e-16 1.300707181133076e-16 -1.0 
outer loop
vertex 0.0 0.0 -3.8284271247461907 
vertex 1.0 2.414213562373095 -3.8284271247461903 
vertex 2.414213562373095 1.0 -3.8284271247461903 
endloop
endfacet
facet normal 1.8394777362344743e-16 0.0 -1.0 
outer loop
vertex 0.0 0.0 -3.8284271247461907 
vertex 2.414213562373095 1.0 -3.8284271247461903 
vertex 2.414213562373095 -1.0 -3.8284271247461903 
endloop
endfacet
facet normal 1.300707181133076e-16 -1.300707181133076e-16 -1.0 
outer loop
vertex 0.0 0.0 -3.8284271247461907 
vertex 2.414213562373095 -1.0 -3.8284271247461903 
vertex 1.0 -2.414213562373095 -3.8284271247461903 
endloop
endfacet
facet normal -0.0 -1.8394777362344743e-16 -1.0 
outer loop
vertex 0.0 0.0 -3.8284271247461907 
vertex 1.0 -2.414213562373095 -3.8284271247461903 
vertex -1.0 -2.414213562373095 -3.8284271247461903 
endloop
endfacet
facet normal 0.0 0.7071067811865476 -0.7071067811865476 
outer loop
vertex 0.0 3.121320343559643 -3.1213203435596424 
vertex -1.0 2.414213562373095 -3.8284271247461903 
vertex -1.0 3.8284271247461903 -2.414213562373095 
endloop
endfacet
facet normal 0.0 0.7071067811865476 -0.7071067811865476 
outer loop
vertex 0.0 3.121320343559643 -3.1213203435596424 
vertex -1.0 3.8284271247461903 -2.414213562373095 
vertex 1.0 3.8284271247461903 -2.414213562373095 
endloop
endfacet
facet normal 0.0 0.7071067811865476 -0.7071067811865476 
outer loop
vertex 0.0 3.121320343559643 -3.1213203435596424 
vertex 1.0 3.8284271247461903 -2.414213562373095 
vertex 1.0 2.414213562373095 -3.8284271247461903 
endloop
endfacet
facet normal 0.0 0.7071067811865476 -0.7071067811865476 
outer loop
vertex 0.0 3.121320343559643 -3.1213203435596424 
vertex 1.0 2.414213562373095 -3.8284271247461903 
vertex -1.0 2.414213562373095 -3.8284271247461903 
endloop
endfacet
facet normal 0.7071067811865476 -0.7071067811865476 0.0 
outer loop
vertex 3.121320343559643 -3.1213203435596424 0.0 
vertex 2.414213562373095 -3.8284271247461903 -1.0 
vertex 3.8284271247461903 -2.414213562373095 -1.0 
endloop
endfacet
facet normal 0.7071067811865476 -0.7071067811865476 0.0 
outer loop
vertex 3.121320343559643 -3.1213203435596424 0.0 
vertex 3.8284271247461903 -2.414213562373095 -1.0 
vertex 3.8284271247461903 -2.414213562373095 1.0 
endloop
endfacet
facet normal 0.7071067811865476 -0.7071067811865476 0.0 
outer loop
vertex 3.121320343559643 -3.1213203435596424 0.0 
vertex 3.8284271247461903 -2.414213562373095 1.0 
vertex 2.414213562373095 -3.8284271247461903 1.0 
endloop
endfacet
facet normal 0.7071067811865476 -0.7071067811865476 0.0 
outer loop
vertex 3.121320343559643 -3.1213203435596424 0.0 
vertex 2.414213562373095 -3.8284271247461903 1.0 
vertex 2.414213562373095 -3.8284271247461903 -1.0 
endloop
endfacet
facet normal 0.5773502691896257 -0.5773502691896258 0.5773502691896258 
outer loop
vertex 2.4142135623730954 -2.4142135623730954 2.414213562373095 
vertex 1.0 -2.414213562373095 3.8284271247461903 
vertex 1.0 -3.8284271247461903 2.414213562373095 
endloop
endfacet
facet normal 0.5773502691896256 -0.577350269189626 0.5773502691896256 
outer loop
vertex 2.4142135623730954 -2.4142135623730954 2.414213562373095 
vertex 1.0 -3.8284271247461903 2.414213562373095 
vertex 2.414213562373095 -3.8284271247461903 1.0 
endloop
endfacet
facet normal 0.5773502691896257 -0.5773502691896257 0.5773502691896256 
outer loop
vertex 2.4142135623730954 -2.4142135623730954 2.414213562373095 
vertex 2.414213562373095 -3.8284271247461903 1.0 
vertex 3.8284271247461903 -2.414213562373095 1.0 
endloop
endfacet
facet normal 0.5773502691896258 -0.5773502691896257 0.5773502691896257 
outer loop
vertex 2.4142135623730954 -2.4142135623730954 2.414213562373095 
vertex 3.8284271247461903 -2.414213562373095 1.0 
vertex 3.8284271247461903 -1.0 2.414213562373095 
endloop
endfacet
facet normal 0.5773502691896258 -0.5773502691896257 0.5773502691896258 
outer loop
vertex 2.4142135623730954 -2.4142135623730954 2.414213562373095 
vertex 3.8284271247461903 -1.0 2.414213562373095 
vertex 2.414213562373095 -1.0 3.8284271247461903 
endloop
endfacet
facet normal 0.5773502691896257 -0.5773502691896257 0.5773502691896258 
outer loop
vertex 2.4142135623730954 -2.4142135623730954 2.414213562373095 
vertex 2.414213562373095 -1.0 3.8284271247461903 
vertex 1.0 -2.414213562373095 3.8284271247461903 
endloop
endfacet
facet normal -1.300707181133076e-16 -1.0 -1.300707181133076e-16 
outer loop
vertex 0.0 -3.8284271247461907 0.0 
vertex -2.414213562373095 -3.8284271247461903 -1.0 
vertex -1.0 -3.8284271247461903 -2.414213562373095 
endloop
endfacet
facet normal 0.0 -1.0 -1.8394777362344743e-16 
outer loop
vertex 0.0 -3.8284271247461907 0.0 
vertex -1.0 -3.8284271247461903 -2.414213562373095 
vertex 1.0 -3.8284271247461903 -2.414213562373095 
endloop
endfacet
facet normal 1.300707181133076e-16 -1.0 -1.300707181133076e-16 
outer loop
vertex 0.0 -3.8284271247461907 0.0 
vertex 1.0 -3.8284271247461903 -2.414213562373095 
vertex 2.414213562373095 -3.8284271247461903 -1.0 
endloop
endfacet
facet normal 1.8394777362344743e-16 -1.0 0.0 
outer loop
vertex 0.0 -3.8284271247461907 0.0 
vertex 2.414213562373095 -3.8284271247461903 -1.0 
vertex 2.414213562373095 -3.8284271247461903 1.0 
endloop
endfacet
facet normal 1.300707181133076e-16 -1.0 1.300707181133076e-16 
outer loop
vertex 0.0 -3.8284271247461907 0.0 
vertex 2.414213562373095 -3.8284271247461903 1.0 
vertex 1.0 -3.8284271247461903 2.414213562373095 
endloop
endfacet
facet normal 0.0 -1.0 1.8394777362344743e-16 
outer loop
vertex 0.0 -3.8284271247461907 0.0 
vertex 1.0 -3.8284271247461903 2.414213562373095 
vertex -1.0 -3.8284271247461903 2.414213562373095 
endloop
endfacet
facet normal -1.300707181133076e-16 -1.0 1.300707181133076e-16 
outer loop
vertex 0.0 -3.8284271247461907 0.0 
vertex -1.0 -3.8284271247461903 2.414213562373095 
vertex -2.414213562373095 -3.8284271247461903 1.0 
endloop
endfacet
facet normal -1.8394777362344743e-16 -1.0 -0.0 
outer loop
vertex 0.0 -3.8284271247461907 0.0 
vertex -2.414213562373095 -3.8284271247461903 1.0 
vertex -2.414213562373095 -3.8284271247461903 -1.0 
endloop
endfacet
facet normal 0.0 -0.7071067811865476 0.7071067811865476 
outer loop
vertex 0.0 -3.121320343559643 3.1213203435596424 
vertex -1.0 -2.414213562373095 3.8284271247461903 
vertex -1.0 -3.8284271247461903 2.414213562373095 
endloop
endfacet
facet normal 0.0 -0.7071067811865476 0.7071067811865476 
outer loop
vertex 0.0 -3.121320343559643 3.1213203435596424 
vertex -1.0 -3.8284271247461903 2.414213562373095 
vertex 1.0 -3.8284271247461903 2.414213562373095 
endloop
endfacet
facet normal 0.0 -0.7071067811865476 0.7071067811865476 
outer loop
vertex 0.0 -3.121320343559643 3.1213203435596424 
vertex 1.0 -3.8284271247461903 2.414213562373095 
vertex 1.0 -2.414213562373095 3.8284271247461903 
endloop
endfacet
facet normal 0.0 -0.7071067811865476 0.7071067811865476 
outer loop
vertex 0.0 -3.121320343559643 3.1213203435596424 
vertex 1.0 -2.414213562373095 3.8284271247461903 
vertex -1.0 -2.414213562373095 3.8284271247461903 
endloop
endfacet
facet normal 0.5773502691896257 -0.5773502691896258 -0.5773502691896258 
outer loop
vertex 2.4142135623730954 -2.414213562373095 -2.4142135623730954 
vertex 1.0 -3.8284271247461903 -2.414213562373095 
vertex 1.0 -2.414213562373095 -3.8284271247461903 
endloop
endfacet
facet normal 0.5773502691896256 -0.5773502691896256 -0.577350269189626 
outer loop
vertex 2.4142135623730954 -2.414213562373095 -2.4142135623730954 
vertex 1.0 -2.414213562373095 -3.8284271247461903 
vertex 2.414213562373095 -1.0 -3.8284271247461903 
endloop
endfacet
facet normal 0.5773502691896257 -0.5773502691896256 -0.5773502691896257 
outer loop
vertex 2.4142135623730954 -2.414213562373095 -2.4142135623730954 
vertex 2.414213562373095 -1.0 -3.8284271247461903 
vertex 3.8284271247461903 -1.0 -2.414213562373095 
endloop
endfacet
facet normal 0.5773502691896258 -0.5773502691896257 -0.5773502691896257 
outer loop
vertex 2.4142135623730954 -2.414213562373095 -2.4142135623730954 
vertex 3.8284271247461903 -1.0 -2.414213562373095 
vertex 3.8284271247461903 -2.414213562373095 -1.0 
endloop
endfacet
facet normal 0.5773502691896258 -0.5773502691896258 -0.5773502691896257 
outer loop
vertex 2.4142135623730954 -2.414213562373095 -2.4142135623730954 
vertex 3.8284271247461903 -2.414213562373095 -1.0 
vertex 2.414213562373095 -3.8284271247461903 -1.0 
endloop
endfacet
facet normal 0.5773502691896257 -0.5773502691896258 -0.5773502691896257 
outer loop
vertex 2.4142135623730954 -2.414213562373095 -2.4142135623730954 
vertex 2.414213562373095 -3.8284271247461903 -1.0 
vertex 1.0 -3.8284271247461903 -2.414213562373095 
endloop
endfacet
facet normal 0.0 -0.7071067811865476 -0.7071067811865476 
outer loop
vertex 0.0 -3.1213203435596424 -3.121320343559643 
vertex -1.0 -3.8284271247461903 -2.414213562373095 
vertex -1.0 -2.414213562373095 -3.8284271247461903 
endloop
endfacet
facet normal 0.0 -0.7071067811865476 -0.7071067811865476 
outer loop
vertex 0.0 -3.1213203435596424 -3.121320343559643 
vertex -1.0 -2.414213562373095 -3.8284271247461903 
vertex 1.0 -2.414213562373095 -3.8284271247461903 
endloop
endfacet
facet normal 0.0 -0.7071067811865476 -0.7071067811865476 
outer loop
vertex 0.0 -3.1213203435596424 -3.121320343559643 
vertex 1.0 -2.414213562373095 -3.8284271247461903 
vertex 1.0 -3.8284271247461903 -2.414213562373095 
endloop
endfacet
facet normal -0.0 -0.7071067811865476 -0.7071067811865476 
outer loop
vertex 0.0 -3.1213203435596424 -3.121320343559643 
vertex 1.0 -3.8284271247461903 -2.414213562373095 
vertex -1.0 -3.8284271247461903 -2.414213562373095 
endloop
endfacet
facet normal -0.7071067811865476 0.7071067811865476 0.0 
outer loop
vertex -3.121320343559643 3.1213203435596424 0.0 
vertex -2.414213562373095 3.8284271247461903 -1.0 
vertex -3.8284271247461903 2.414213562373095 -1.0 
endloop
endfacet
facet normal -0.7071067811865476 0.7071067811865476 0.0 
outer loop
vertex -3.121320343559643 3.1213203435596424 0.0 
vertex -3.8284271247461903 2.414213562373095 -1.0 
vertex -3.8284271247461903 2.414213562373095 1.0 
endloop
endfacet
facet normal -0.7071067811865476 0.7071067811865476 0.0 
outer loop
vertex -3.121320343559643 3.1213203435596424 0.0 
vertex -3.8284271247461903 2.414213562373095 1.0 
vertex -2.414213562373095 3.8284271247461903 1.0 
endloop
endfacet
facet normal -0.7071067811865476 0.7071067811865476 0.0 
outer loop
vertex -3.121320343559643 3.1213203435596424 0.0 
vertex -2.414213562373095 3.8284271247461903 1.0 
vertex -2.414213562373095 3.8284271247461903 -1.0 
endloop
endfacet
facet normal -1.0 -1.300707181133076e-16 -1.300707181133076e-16 
outer loop
vertex -3.8284271247461907 0.0 0.0 
vertex -3.8284271247461903 -1.0 -2.414213562373095 
vertex -3.8284271247461903 -2.414213562373095 -1.0 
endloop
endfacet
facet normal -1.0 -1.8394777362344743e-16 0.0 
outer loop
vertex -3.8284271247461907 0.0 0.0 
vertex -3.8284271247461903 -2.414213562373095 -1.0 
vertex -3.8284271247461903 -2.414213562373095 1.0 
endloop
endfacet
facet normal -1.0 -1.300707181133076e-16 1.300707181133076e-16 
outer loop
vertex -3.8284271247461907 0.0 0.0 
vertex -3.8284271247461903 -2.414213562373095 1.0 
vertex -3.8284271247461903 -1.0 2.414213562373095 
endloop
endfacet
facet normal -1.0 0.0 1.8394777362344743e-16 
outer loop
vertex -3.8284271247461907 0.0 0.0 
vertex -3.8284271247461903 -1.0 2.414213562373095 
vertex -3.8284271247461903 1.0 2.414213562373095 
endloop
endfacet
facet normal -1.0 1.300707181133076e-16 1.300707181133076e-16 
outer loop
vertex -3.8284271247461907 0.0 0.0 
vertex -3.8284271247461903 1.0 2.414213562373095 
vertex -3.8284271247461903 2.414213562373095 1.0 
endloop
endfacet
facet normal -1.0 1.8394777362344743e-16 0.0 
outer loop
vertex -3.8284271247461907 0.0 0.0 
vertex -3.8284271247461903 2.414213562373095 1.0 
vertex -3.8284271247461903 2.414213562373095 -1.0 
endloop
endfacet
facet normal -1.0 1.300707181133076e-16 -1.300707181133076e-16 
outer loop
vertex -3.8284271247461907 0.0 0.0 
vertex -3.8284271247461903 2.414213562373095 -1.0 
vertex -3.8284271247461903 1.0 -2.414213562373095 
endloop
endfacet
facet normal -1.0 -0.0 -1.8394777362344743e-16 
outer loop
vertex -3.8284271247461907 0.0 0.0 
vertex -3.8284271247461903 1.0 -2.414213562373095 
vertex -3.8284271247461903 -1.0 -2.414213562373095 
endloop
endfacet
facet normal -0.5773502691896257 0.5773502691896258 0.5773502691896258 
outer loop
vertex -2.4142135623730954 2.4142135623730954 2.414213562373095 
vertex -1.0 2.414213562373095 3.8284271247461903 
vertex -1.0 3.8284271247461903 2.414213562373095 
endloop
endfacet
facet normal -0.5773502691896256 0.577350269189626 0.5773502691896256 
outer loop
vertex -2.4142135623730954 2.4142135623730954 2.414213562373095 
vertex -1.0 3.8284271247461903 2.414213562373095 
vertex -2.414213562373095 3.8284271247461903 1.0 
endloop
endfacet
facet normal -0.5773502691896257 0.5773502691896257 0.5773502691896256 
outer loop
vertex -2.4142135623730954 2.4142135623730954 2.414213562373095 
vertex -2.414213562373095 3.8284271247461903 1.0 
vertex -3.8284271247461903 2.414213562373095 1.0 
endloop
endfacet
facet normal -0.5773502691896258 0.5773502691896257 0.5773502691896257 
outer loop
vertex -2.4142135623730954 2.4142135623730954 2.414213562373095 
vertex -3.8284271247461903 2.414213562373095 1.0 
vertex -3.8284271247461903 1.0 2.414213562373095 
endloop
endfacet
facet normal -0.5773502691896258 0.5773502691896257 0.5773502691896258 
outer loop
vertex -2.4142135623730954 2.4142135623730954 2.414213562373095 
vertex -3.8284271247461903 1.0 2.414213562373095 
vertex -2.414213562373095 1.0 3.8284271247461903 
endloop
endfacet
facet normal -0.5773502691896257 0.5773502691896257 0.5773502691896258 
outer loop
vertex -2.4142135623730954 2.4142135623730954 2.414213562373095 
vertex -2.414213562373095 1.0 3.8284271247461903 
vertex -1.0 2.414213562373095 3.8284271247461903 
endloop
endfacet
facet normal -0.7071067811865476 0.0 0.7071067811865476 
outer loop
vertex -3.1213203435596424 0.0 3.121320343559643 
vertex -3.8284271247461903 -1.0 2.414213562373095 
vertex -2.414213562373095 -1.0 3.8284271247461903 
endloop
endfacet
facet normal -0.7071067811865476 0.0 0.7071067811865476 
outer loop
vertex -3.1213203435596424 0.0 3.121320343559643 
vertex -2.414213562373095 -1.0 3.8284271247461903 
vertex -2.414213562373095 1.0 3.8284271247461903 
endloop
endfacet
facet normal -0.7071067811865476 0.0 0.7071067811865476 
outer loop
vertex -3.1213203435596424 0.0 3.121320343559643 
vertex -2.414213562373095 1.0 3.8284271247461903 
vertex -3.8284271247461903 1.0 2.414213562373095 
endloop
endfacet
facet normal -0.7071067811865476 0.0 0.7071067811865476 
outer loop
vertex -3.1213203435596424 0.0 3.121320343559643 
vertex -3.8284271247461903 1.0 2.414213562373095 
vertex -3.8284271247461903 -1.0 2.414213562373095 
endloop
endfacet
facet normal -0.5773502691896257 0.5773502691896258 -0.5773502691896258 
outer loop
vertex -2.4142135623730954 2.414213562373095 -2.4142135623730954 
vertex -1.0 3.8284271247461903 -2.414213562373095 
vertex -1.0 2.414213562373095 -3.8284271247461903 
endloop
endfacet
facet normal -0.5773502691896256 0.5773502691896256 -0.577350269189626 
outer loop
vertex -2.4142135623730954 2.414213562373095 -2.4142135623730954 
vertex -1.0 2.414213562373095 -3.8284271247461903 
vertex -2.414213562373095 1.0 -3.8284271247461903 
endloop
endfacet
facet normal -0.5773502691896257 0.5773502691896256 -0.5773502691896257 
outer loop
vertex -2.4142135623730954 2.414213562373095 -2.4142135623730954 
vertex -2.414213562373095 1.0 -3.8284271247461903 
vertex -3.8284271247461903 1.0 -2.414213562373095 
endloop
endfacet
facet normal -0.5773502691896258 0.5773502691896257 -0.5773502691896257 
outer loop
vertex -2.4142135623730954 2.414213562373095 -2.4142135623730954 
vertex -3.8284271247461903 1.0 -2.414213562373095 
vertex -3.8284271247461903 2.414213562373095 -1.0 
endloop
endfacet
facet normal -0.5773502691896258 0.5773502691896258 -0.5773502691896257 
outer loop
vertex -2.4142135623730954 2.414213562373095 -2.4142135623730954 
vertex -3.8284271247461903 2.414213562373095 -1.0 
vertex -2.414213562373095 3.8284271247461903 -1.0 
endloop
endfacet
facet normal -0.5773502691896257 0.5773502691896258 -0.5773502691896257 
outer loop
vertex -2.4142135623730954 2.414213562373095 -2.4142135623730954 
vertex -2.414213562373095 3.8284271247461903 -1.0 
vertex -1.0 3.8284271247461903 -2.414213562373095 
endloop
endfacet
facet normal -0.7071067811865476 0.0 -0.7071067811865476 
outer loop
vertex -3.121320343559643 0.0 -3.1213203435596424 
vertex -2.414213562373095 -1.0 -3.8284271247461903 
vertex -3.8284271247461903 -1.0 -2.414213562373095 
endloop
endfacet
facet normal -0.7071067811865476 0.0 -0.7071067811865476 
outer loop
vertex -3.121320343559643 0.0 -3.1213203435596424 
vertex -3.8284271247461903 -1.0 -2.414213562373095 
vertex -3.8284271247461903 1.0 -2.414213562373095 
endloop
endfacet
facet normal -0.7071067811865476 0.0 -0.7071067811865476 
outer loop
vertex -3.121320343559643 0.0 -3.1213203435596424 
vertex -3.8284271247461903 1.0 -2.414213562373095 
vertex -2.414213562373095 1.0 -3.8284271247461903 
endloop
endfacet
facet normal -0.7071067811865476 -0.0 -0.7071067811865476 
outer loop
vertex -3.121320343559643 0.0 -3.1213203435596424 
vertex -2.414213562373095 1.0 -3.8284271247461903 
vertex -2.414213562373095 -1.0 -3.8284271247461903 
endloop
endfacet
facet normal -0.7071067811865476 -0.7071067811865476 0.0 
outer loop
vertex -3.1213203435596424 -3.121320343559643 0.0 
vertex -3.8284271247461903 -2.414213562373095 -1.0 
vertex -2.414213562373095 -3.8284271247461903 -1.0 
endloop
endfacet
facet normal -0.7071067811865476 -0.7071067811865476 0.0 
outer loop
vertex -3.1213203435596424 -3.121320343559643 0.0 
vertex -2.414213562373095 -3.8284271247461903 -1.0 
vertex -2.414213562373095 -3.8284271247461903 1.0 
endloop
endfacet
facet normal -0.7071067811865476 -0.7071067811865476 0.0 
outer loop
vertex -3.1213203435596424 -3.121320343559643 0.0 
vertex -2.414213562373095 -3.8284271247461903 1.0 
vertex -3.8284271247461903 -2.414213562373095 1.0 
endloop
endfacet
facet normal -0.7071067811865476 -0.7071067811865476 -0.0 
outer loop
vertex -3.1213203435596424 -3.121320343559643 0.0 
vertex -3.8284271247461903 -2.414213562373095 1.0 
vertex -3.8284271247461903 -2.414213562373095 -1.0 
endloop
endfacet
facet normal -0.5773502691896257 -0.5773502691896258 0.5773502691896258 
outer loop
vertex -2.4142135623730954 -2.414213562373095 2.4142135623730954 
vertex -1.0 -3.8284271247461903 2.414213562373095 
vertex -1.0 -2.414213562373095 3.8284271247461903 
endloop
endfacet
facet normal -0.5773502691896256 -0.5773502691896256 0.577350269189626 
outer loop
vertex -2.4142135623730954 -2.414213562373095 2.4142135623730954 
vertex -1.0 -2.414213562373095 3.8284271247461903 
vertex -2.414213562373095 -1.0 3.8284271247461903 
endloop
endfacet
facet normal -0.5773502691896257 -0.5773502691896256 0.5773502691896257 
outer loop
vertex -2.4142135623730954 -2.414213562373095 2.4142135623730954 
vertex -2.414213562373095 -1.0 3.8284271247461903 
vertex -3.8284271247461903 -1.0 2.414213562373095 
endloop
endfacet
facet normal -0.5773502691896258 -0.5773502691896257 0.5773502691896257 
outer loop
vertex -2.4142135623730954 -2.414213562373095 2.4142135623730954 
vertex -3.8284271247461903 -1.0 2.414213562373095 
vertex -3.8284271247461903 -2.414213562373095 1.0 
endloop
endfacet
facet normal -0.5773502691896258 -0.5773502691896258 0.5773502691896257 
outer loop
vertex -2.4142135623730954 -2.414213562373095 2.4142135623730954 
vertex -3.8284271247461903 -2.414213562373095 1.0 
vertex -2.414213562373095 -3.8284271247461903 1.0 
endloop
endfacet
facet normal -0.5773502691896257 -0.5773502691896258 0.5773502691896257 
outer loop
vertex -2.4142135623730954 -2.414213562373095 2.4142135623730954 
vertex -2.414213562373095 -3.8284271247461903 1.0 
vertex -1.0 -3.8284271247461903 2.414213562373095 
endloop
endfacet
facet normal -0.5773502691896257 -0.5773502691896258 -0.5773502691896258 
outer loop
vertex -2.4142135623730954 -2.4142135623730954 -2.414213562373095 
vertex -1.0 -2.414213562373095 -3.8284271247461903 
vertex -1.0 -3.8284271247461903 -2.414213562373095 
endloop
endfacet
facet normal -0.5773502691896256 -0.577350269189626 -0.5773502691896256 
outer loop
vertex -2.4142135623730954 -2.4142135623730954 -2.414213562373095 
vertex -1.0 -3.8284271247461903 -2.414213562373095 
vertex -2.414213562373095 -3.8284271247461903 -1.0 
endloop
endfacet
facet normal -0.5773502691896257 -0.5773502691896257 -0.5773502691896256 
outer loop
vertex -2.4142135623730954 -2.4142135623730954 -2.414213562373095 
vertex -2.414213562373095 -3.8284271247461903 -1.0 
vertex -3.8284271247461903 -2.414213562373095 -1.0 
endloop
endfacet
facet normal -0.5773502691896258 -0.5773502691896257 -0.5773502691896257 
outer loop
vertex -2.4142135623730954 -2.4142135623730954 -2.414213562373095 
vertex -3.8284271247461903 -2.414213562373095 -1.0 
vertex -3.8284271247461903 -1.0 -2.414213562373095 
endloop
endfacet
facet normal -0.5773502691896258 -0.5773502691896257 -0.5773502691896258 
outer loop
vertex -2.4142135623730954 -2.4142135623730954 -2.414213562373095 
vertex -3.8284271247461903 -1.0 -2.414213562373095 
vertex -2.414213562373095 -1.0 -3.8284271247461903 
endloop
endfacet
facet normal -0.5773502691896257 -0.5773502691896257 -0.5773502691896258 
outer loop
vertex -2.4142135623730954 -2.4142135623730954 -2.414213562373095 
vertex -2.414213562373095 -1.0 -3.8284271247461903 
vertex -1.0 -2.414213562373095 -3.8284271247461903 
endloop
endfacet
endsolid test
